r_f rho_gas rho_liquid
0.2 5.754794059716671 39.14542410258953 6.639311322942376e-11
0.198 5.8443799449405835 39.89123466795286 7.312337402254343e-10
0.196 5.933192595365525 40.65832450930209 8.11269273981452e-10
0.194 6.021094346194294 41.44767032651058 9.849827620200813e-10
0.192 6.1079639546056494 42.26030152317709 1.0077201295644045e-9
0.19 6.193697835665013 43.097301575591935 1.1086740414611995e-9
0.188 6.278210722566599 43.959809651974076 1.20508047984913e-9
0.186 6.361435755678526 44.849022590108355 1.3142198440618813e-9
0.184 6.443324036150025 45.7661973370798 1.446096575818956e-9
0.182 6.5238437066733646 46.71265394472115 1.5870682545937598e-9
0.18 6.602978642512643 47.68977920019773 1.7571437638252974e-9
0.178 6.680726848656673 48.699030954353795 1.940861693583429e-9
0.176 6.7570986639226644 49.74194319349662 2.1600499167107046e-9
0.174 6.832114870303853 50.820131884907006 2.4037944967858493e-9
0.172 6.905804797152662 51.93530161447413 2.674823917914182e-9
0.17 6.978204496478187 53.089253027653186 2.9967850423417985e-9
0.168 7.049355049548906 54.28389108321218 3.3614924177527428e-9
0.166 7.11930104785338 55.52123413310884 3.771674528252333e-9
0.164 7.188089274819419 56.80342385104743 4.259163688402623e-9
0.162 7.255767599691303 58.13273604615136 4.812136467080563e-9
0.16 7.322384082403391 59.51159241590013 5.462425178848207e-9
0.158 7.387986278497244 60.942573313123994 6.239133654162288e-9
0.156 7.452620726494187 62.428431624519305 7.117705536074936e-9
0.154 7.516332595603676 63.972107882201385 8.162714948412031e-9
0.152 7.579165470370101 65.57674675458863 9.403265721630305e-9
0.15 7.641161248587396 67.24571508806633 5.4569682106375694e-12
0.148 7.702360130473577 68.98262169748568 2.7284841053187847e-12
0.146 7.762800679578602 70.79133912669953 1.000444171950221e-11
0.144 7.822519938734768 72.67602763189238 4.547473508864641e-12
0.142 7.88155358761644 74.64116166385149 1.0913936421275139e-11
0.14 7.939936131453344 76.69155915796809 1.8189894035458565e-12
0.138 7.997701113243029 78.83241397252243 9.094947017729282e-13
0.136 8.054881344201906 81.06933185232465 5.4569682106375694e-12
0.134 8.11150914916083 83.40837033610384 7.275957614183426e-12
0.132 8.167616625150927 85.85608307365722 9.094947017729282e-13
0.13 8.223235912566574 88.41956907420037 1.3642420526593924e-11
0.128 8.278399479115299 91.10652747242028 1.3642420526593924e-11
0.126 8.333140417327972 93.92531847532598 7.275957614183426e-12
0.124 8.387492756808072 96.88503124345286 9.094947017729282e-12
0.122 8.441491792721814 99.99555956686939 1.8189894035458565e-12
0.12 8.495174432351615 103.26768632281603 1.3642420526593924e-11
0.118 8.548579561924035 106.71317785128063 3.183231456205249e-11
0.116 8.601748436433343 110.34488956170433 1.4551915228366852e-11
0.114 8.654725095861458 114.17688429361452 7.275957614183426e-12
0.112 8.707556812077062 118.22456520280214 2.8194335754960775e-11
0.11 8.76029457180807 122.5048252407895 4.3655745685100555e-11
0.108 8.812993602445728 127.0362156488639 2.637534635141492e-11
0.106 8.865713949077888 131.8391363114911 6.366462912410498e-12
0.104 8.918521113094654 136.93605132322253 3.8198777474462986e-11
0.102 8.971486765002103 142.35173373792978 9.094947017729282e-12
0.1 9.024689546784991 148.11354421382816 5.4569682106375694e-12
0.098 9.07821598236255 154.25174917278318 5.4569682106375694e-12
0.096 9.13216151851419 160.79988519580505 1.2732925824820995e-11
0.094 9.186631723282751 167.79517772582452 2.3646862246096134e-11
0.092 9.241743674529427 175.27902380316377 2.3646862246096134e-11
0.09 9.297627578324606 183.29755059329904 9.094947017729282e-12
0.088 9.354428665628681 191.90226397524185 7.275957614183426e-11
0.086 9.412309426793003 201.15080456297363 8.731149137020111e-11
0.084 9.471452257529592 211.10783238725438 6.730260793119669e-11
0.082 9.532062608146829 221.84606627215402 2.219167072325945e-10
0.08 9.59437275137776 233.44750996275943 5.238689482212067e-10
0.078 9.658646314895277 246.00490464347288 2.2373569663614035e-9
0.076 9.725183765214286 259.6234570881179 7.607013685628772e-9
0.074 9.794329083797821 274.42290491401417 7.275957614183426e-12
0.072 9.866477949074383 290.5399960950201 3.2741809263825417e-11
0.07 9.942087837450956 308.1314801231439 1.5631940186722204e-13
0.068 10.021690593549899 327.37773452303026 7.275957614183426e-12
0.066 10.105908212021538 348.48718486806007 9.094947017729282e-11
0.064 10.195472846564485 371.7017219116132 3.637978807091713e-11
0.062 10.29125245750188 397.3033799258877 1.6007106751203537e-10
0.06 10.394284093640916 425.62262148515777 5.820766091346741e-11
0.058 10.505817686549904 457.0486837777572 1.0113581083714962e-9
0.056 10.627374601875374 492.04259164797696 6.548361852765083e-11
0.054 10.760827370408833 531.1536497904192 7.275957614183426e-12
0.0539 10.767851822911812 533.2285621504845 3.637978807091713e-11
0.0538 10.774912051311178 535.3154762133897 1.1641532182693481e-10
0.0537 10.782008386125241 537.4144831639182 2.9103830456733704e-11
0.0536 10.789141161792944 539.5256750510061 8.731149137020111e-11
0.0535 10.79631071673421 541.6491447975728 1.6007106751203537e-10
0.0534 10.803517393411546 543.7849862104831 1.8189894035458565e-10
0.0533 10.8107615383927 545.9332939906428 2.1827872842550278e-10
0.0532 10.818043502414701 548.0941637432276 1.5279510989785194e-10
0.0531 10.825363640449053 550.2676919880478 2.1827872842550278e-11
0.053 10.832722311768286 552.453976170054 6.548361852765083e-11
0.0529 10.84011988001372 554.6531146699809 7.275957614183426e-12
0.0528 10.847556713264705 556.865206815135 6.548361852765083e-11
