r_f rho_gas rho_liquid residual_norm
0.03 11.19143058454445 77.19439786034272 2.2737367544323206e-11
0.032 11.169670027697354 77.66054924403367 2.091837814077735e-11
0.034 11.146394753175574 78.17249833458627 1.4210854715202004e-14
0.036 11.121580813926018 78.73431721292184 1.8189894035458565e-11
0.038 11.095201583152026 79.35080171448152 5.4569682106375694e-12
0.04 11.067227389307497 80.02763686431067 5.4569682106375694e-12
0.042 11.037625060366942 80.77161447324022 2.3646862246096134e-11
0.044 11.006357347772873 81.59092395864867 2.000888343900442e-11
0.046 10.973382187863741 82.49554822238643 1.8189894035458565e-12
0.048 10.938651739210288 83.49781403560658 3.092281986027956e-11
0.05 10.90211110358552 84.61317621779345 3.9090082282200456e-9
0.0501 10.900235454943004 84.67224496296673 5.262336344458163e-9
0.0502 10.898355115294684 84.73164735093518 5.3805706556886435e-9
0.0503 10.896470075962265 84.79138621417874 5.4824340622872114e-9
0.0504 10.894580328196243 84.8514644231174 5.558831617236137e-9
0.0505 10.892685863175407 84.9118848868322 5.662514013238251e-9
0.0506 10.890786672005799 84.97265055376592 5.757101462222636e-9
0.0507 10.888882745719831 85.03376441243987 5.8626028476282954e-9
0.0508 10.886974075275319 85.09522949218751 5.971742211841047e-9
0.0509 10.885060651554442 85.15704886390512 6.0645106714218855e-9
0.051 10.883142465362827 85.2192256408199 6.184563972055912e-9
0.0511 10.881219507428407 85.28176297927628 6.297341315075755e-9
0.0512 10.8792917684005 85.34466407954052 6.39192876406014e-9
0.0513 10.877359238848674 85.40793218662577 6.511982064694166e-9
0.0514 10.875421909261686 85.4715705911342 6.630216375924647e-9
0.0515 10.873479770046355 85.53558263012266 6.728441803716123e-9
0.0516 10.8715328115265 85.59997168798635 6.859409040771425e-9
0.0517 10.869581023941711 85.66474119736566 6.994014256633818e-9
0.0518 10.867624397446239 85.72989464007466 7.114067557267845e-9
0.0519 10.865662922107804 85.79543554805254 7.241396815516055e-9
0.052 10.863696587906325 85.86136750433742 7.3814589995890856e-9
0.0521 10.861725384732752 85.92769414406645 7.486960384994745e-9
0.0522 10.859749302387758 85.99441915549849 7.639755494892597e-9
0.0523 10.857768330580463 86.06154628106427 7.77436071075499e-9
0.0524 10.855782458927123 86.1290793184415 7.96353560872376e-9
0.0525 10.853791676949763 86.1970221216587 8.10359779279679e-9
0.0526 10.851795974074843 86.26537860222567 8.225470082834363e-9
0.0527 10.849795339631875 86.33415273029378 8.365532266907394e-9
