r_f rho_gas rho_liquid residual_norm
0.0528 10.847789762851919 86.40334853584613 8.556526154279709e-9
0.0529 10.845779232866215 86.47297010991812 8.725692168809474e-9
0.053 10.843763738704652 86.54302160584976 8.885763236321509e-9
0.0531 10.841743269294264 86.6135072405714 9.022187441587448e-9
0.0532 10.83971781345768 86.68443129592237 9.185896487906575e-9
0.0533 10.83768735991155 86.75579812000525 9.389623301103711e-9
0.0534 10.835651897264928 86.8276121285759 9.595169103704393e-9
0.0535 10.833611414017604 86.89987780647061 9.755240171216428e-9
0.0536 10.831565898558459 86.9725997090717 9.911673259921372e-9
0.0537 10.829515339161228 87.04578246376106 1.4551915228366852e-11
0.0538 10.827459723992662 87.11943077167439 1.2732925824820995e-11
0.0539 10.825399041095933 87.193549408978 2.000888343900442e-11
0.054 10.823333278398627 87.26814322870993 6.548361852765083e-11
0.056 10.780931543798786 88.86804004955725 6.730260793119669e-11
0.058 10.736381790652624 90.70896591031827 2.2373569663614035e-10
0.06 10.68954619316796 92.86034548114783 2.331944415345788e-9
0.062 10.64024477214243 95.428851892734 3.8198777474462986e-11
0.064 10.588229774716522 98.59255260807426 2.546585164964199e-11
0.066 10.533131942078114 102.68908631465058 1.0913936421275139e-11
0.068 10.47432070601247 108.52191164886813 1.8189894035458565e-11
0.07 10.41031718218416 119.58613958488338 3.092281986027956e-11