r_f rho_gas rho_liquid residual_norm
0.03 233.20351965247787 1829.1506048179472 1.1641532182693481e-10
0.032 207.649867643104 1597.9410312205591 5.115907697472721e-13
0.034 186.30004516729136 1407.2747928610518 1.7462298274040222e-10
0.036 168.2696400290465 1248.2505290123938 1.1641532182693481e-10
0.038 152.89639882663207 1114.2749620376464 1.0186340659856796e-9
0.04 139.67627159742815 1000.3815760027811 2.9103830456733704e-11
0.042 128.21999177736635 902.772606214937 2.9103830456733704e-11
0.044 118.2229765029655 818.5045173589823 7.275957614183426e-11
0.046 109.44406443805059 745.2678490334002 1.4551915228366852e-11
0.048 101.69023329579771 681.2304341939714 2.9103830456733704e-11
0.05 94.80542935180284 624.9239877657304 2.9103830456733704e-11
0.0501 94.48161163592505 622.289280216277 2.2737367544323206e-13
0.0502 94.15962910754813 619.6707535376714 1.1368683772161603e-13
0.0503 93.83946761626632 617.0682766179797 5.684341886080802e-14
0.0504 93.52111314660263 614.4817196647987 2.9103830456733704e-11
0.0505 93.20455181636223 611.9109541894 2.1827872842550278e-11
0.0506 92.88976987500581 609.3558529910929 7.275957614183426e-12
0.0507 92.57675370204252 606.8162901418041 1.4551915228366852e-11
0.0508 92.26548980544352 604.2921409708762 7.275957614183426e-12
0.0509 91.95596482007356 601.7832820500722 7.275957614183426e-12
0.051 91.6481655061422 599.2895911787923 7.275957614183426e-12
0.0511 91.34207874767323 596.8109473694909 2.9103830456733704e-11
0.0512 91.03769155099263 594.3472308332996 7.275957614183426e-12
0.0513 90.73499104323415 591.8983229658432 1.4551915228366852e-11
0.0514 90.43396447086283 589.4641063332556 2.1827872842550278e-11
0.0515 90.13459919821541 587.0444646583836 2.9103830456733704e-11
0.0516 89.8368827060582 584.6392828071822 2.5579538487363607e-13
0.0517 89.54080259016133 582.2484467752953 1.4551915228366852e-11
0.0518 89.24634655988959 579.8718436748186 2.9103830456733704e-11
0.0519 88.95350243680961 577.5093617212435 2.9103830456733704e-11
0.052 88.66225815331248 575.1608902205795 3.637978807091713e-11
0.0521 88.37260175125195 572.8263195566482 7.275957614183426e-12
0.0522 88.08452138059904 570.5055411785532 3.637978807091713e-11
0.0523 87.79800529811018 568.1984475883173 2.9103830456733704e-11
0.0524 87.51304186601082 565.9049323286848 1.4551915228366852e-11
0.0525 87.22961955069437 563.6248899710927 7.275957614183426e-12
0.0526 86.94772692143398 561.3582161037979 1.4551915228366852e-11
0.0527 86.66735264910977 559.1048073201688 3.552713678800501e-13
