r_f rho_gas rho_liquid residual_norm
0.0528 86.3884855049487 556.8645612071299 1.4551915228366852e-11
0.0529 86.1111143592792 554.6373763337626 1.4551915228366852e-11
0.053 85.83522818029829 552.4231522400581 3.637978807091713e-11
0.0531 85.56081603285203 550.2217894258184 1.5631940186722204e-13
0.0532 85.2878670772292 548.0331893397074 1.4551915228366852e-11
0.0533 85.01637056796754 545.8572543684446 1.4551915228366852e-11
0.0534 84.74631585267207 543.6938878261433 7.275957614183426e-12
0.0535 84.47769237084658 541.5429939437903 2.1827872842550278e-11
0.0536 84.21048965273613 539.4044778588614 7.275957614183426e-12
0.0537 83.94469731818221 537.278245605078 7.275957614183426e-12
0.0538 83.68030507548909 535.164204102294 7.275957614183426e-12
0.0539 83.41730272030227 533.0622611465182 1.4551915228366852e-11
0.054 83.15568013449733 530.9723254000669 8.810729923425242e-13
0.056 78.19811631727465 491.5617388695246 7.275957614183426e-12
0.058 73.71554959424991 456.2694342592389 8.731149137020111e-11
0.06 69.64433248334647 424.5453664131942 1.0913936421275139e-11
0.062 65.92849021850607 395.928035531005 2.546585164964199e-11
0.064 62.517331860974544 370.0279705034499 3.637978807091713e-12
0.066 59.36312940513828 346.51469865388583 7.275957614183426e-12
0.068 56.418435280417164 325.1063895014681 4.263256414560601e-14
0.07 53.632087556125136 305.5615696926964 1.4551915228366852e-11
0.072 50.941358302619925 287.6724617167719 1.8189894035458565e-12
0.074 48.25149467912743 271.2596248914926 3.637978807091713e-12
0.076 45.3572994505235 256.1677267560968 1.8189894035458565e-12
0.078 38.96836819997283 242.26283554785948 5.4569682106375694e-12