lambda    rho_g   rho_l
0.6 29.676347640064208 81.68790467340902 1.8189894035458565e-12
0.65 27.138424110427554 85.02909622647762 1.8189894035458565e-11
0.7 24.86640176982381 88.07754528489966 7.639755494892597e-11
0.75 22.808722406780674 90.88908767569393 1.127773430198431e-10
0.8 20.931754596910018 93.50122081626616 1.2369127944111824e-10
0.85 19.21193166067731 95.94077017863776 1.3096723705530167e-10
0.9 17.631723467564548 98.22785956583262 1.0913936421275139e-10
0.95 16.177410864753984 100.37816472946852 1.0186340659856796e-10
1.0 14.837786738386821 102.40428640720137 8.003553375601768e-11
1.05 13.603366107093214 104.31663307901681 5.820766091346741e-11
1.1 12.465890452806097 106.12401138155501 2.9103830456733704e-11
1.15 11.418009005282908 107.83403215949293 2.9103830456733704e-11
1.2 10.453069787690008 109.45339523488647 4.3655745685100555e-11
1.25 9.564980302453927 110.9880913252643 2.9103830456733704e-11
1.3 8.748113236908107 112.44354702433883 2.9103830456733704e-11
1.35 7.997241485935756 113.82472908954556 8.881784197001252e-16
1.4 7.3074924379642185 115.13622021672339 1.4551915228366852e-11
1.45 6.674314885124379 116.3822744452604 1.4551915228366852e-11
1.5 6.093454173511124 117.56685812497469 5.820766091346741e-11